,APPL,COST,GOOG
0,,,
1,0.01086090075727375,-0.008748511110198365,0.003346582012766719
2,-0.00019714144898963504,-0.004806497058092329,0.006713711233247821
3,0.027703835157251167,0.01686235323507357,0.013022740822758117
4,0.015684957789716014,0.0015968554231666765,-0.003354660792507125
5,-0.012278630460448636,-0.007889788242989138,-0.019225577864012355
6,0.006550322734879321,-0.004532531212658064,0.0047049311463001064
7,-0.04678890366711008,0.016308622045614563,0.017464557222108157
8,0.01963422534509407,-0.00509102757300528,0.08338381798599892
9,-0.0015150774644445697,-0.0018830849844441166,-0.011960421876698768
10,0.004796867351933409,0.007300467558034596,-0.006862236475970396
11,0.009158222915042868,0.009609120521172798,-0.005896553088764911
12,0.0015446997489863001,-0.009598322310049978,0.006807324840764295
13,-0.01421823790244836,-0.008795504519912178,-0.012423391720374877
14,-0.0032758030606756527,0.009818420836414488,-0.009985266327151576
15,-0.0035808888452860677,-0.001017045685692164,-2.426458099114015e-05
16,-0.019101068281396127,-0.0008959113862192503,-0.007449407121018381
17,-0.00010037641154336807,0.00403521643433602,-0.004913904802262392
18,-0.0018069567836168643,-0.017781025453659782,-0.0026451560068790902
19,0.0004022728415546961,-0.002934490597230721,-0.010879650537413688
20,0.008394068861523163,0.01811474050737849,-0.002042137769586949
21,-0.005582693649685999,-0.002850046822197916,-0.0040843148998470635
22,0.003007518796992459,0.006573843452696959,0.005504280643140458
23,-0.01549225387306341,-0.002636702904429633,0.002749534821903321
24,-0.00664974619289338,-0.005978769268312534,0.006502920101064458
25,-0.0017374418723491436,-0.007855973813420736,-0.007473251028806471
26,-0.006808292807780836,-0.008165621906961351,-0.004502786254477975
27,-0.014328419750541221,0.015343035343035272,-0.005047938758340309
28,-0.006745450742522641,-0.008395102174536317,-0.017682074294852024
29,-0.006475388260068438,-0.003799454860824225,-0.00410803623935696
30,-0.0013247138618058818,-0.007503523754249231,0.003876798261003511
31,-0.008913885499018392,-0.0014201578881416488,0.00988900445005192
32,0.010439531024144744,-0.008784038147822804,0.0070739984129932765
33,0.012239059022994603,0.0024897666371270777,0.010477787091366375
34,0.02114629678094726,0.008334736487624061,0.021600995437577764
35,-0.035522066738428504,-0.01068715037154544,-0.006146775581791886
36,-0.00866284013605445,0.0002953835766732471,-0.020523378840984763
37,0.007987991207848655,-0.0019405188778739424,-0.012169996246402692
38,-0.010105307945963204,-0.012637896783465052,0.00016888183338115148
39,-0.012841177734794873,0.001027397260274121,0.0009202505783225678
40,-0.010994393947640457,0.01086212795073549,0.006553920121462609
41,-0.004402619558637411,-0.014468229122599152,-0.00010055978279077671
42,-0.01111049693217614,-0.014036744505494525,-0.014616158229969867
43,-0.03348239239798778,-0.008141407984674998,-0.028441178471797057
44,-0.002371175756173738,-0.04841541567904484,0.0008579032145108467
45,0.011710144927536303,0.011255131694266396,0.012735065162249537
46,0.005787302314920861,0.0026912375131140642,0.0036014716805141678
47,0.0018230501908504948,-0.006414339004640168,-0.012245811209693369
48,-0.005004264998578312,0.004715901286571178,-0.005933089388395096
49,-0.010401783162827916,-0.0031899380240612007,-0.018466419512879084
50,0.00993358359803631,-0.003154429916796153,-0.0034556039717124065
51,-0.0030880082346885773,-0.002017885806007813,-0.0008243358272477241
52,-0.0005736247346986856,-0.002573411148384719,-0.0051384143552769546
53,-0.00723182000803535,-0.003501497350840932,0.0008743464935998535
54,-0.011042377290859662,-0.004900827592584034,-0.012068049388942348
55,0.005670524962001711,0.008734841797147341,0.015342260955176545
56,-0.006394233563913221,0.004652019713509148,0.004273657748249171
57,-0.0029836775288131223,-0.007564643315606134,-0.00438957230725201
58,0.0022297852364747683,-0.012149489536656288,0.007201544470883947
59,-0.0036299765807963347,-0.00486344930789373,-0.0013462069949271571
60,0.004172053120225616,-0.004229323308270749,0.0010802028281673426
61,-0.008543507519456872,-0.0150070788107598,-0.02350696023613963
62,0.0057840996281650625,-0.0046473744729781385,4.5661683454989443e-05
63,0.0031101461181854972,0.006257521058965265,0.0033331506949392242
64,0.019305019305019266,0.012198038746711326,0.015035814728181274
65,-0.0003443526170798794,4.725897920621058e-05,0.027581754436304617
66,-0.016821678723159983,-0.002032040073720598,-0.011509699037513421
67,-0.02762043795620428,-0.00430912018183538,-0.01946504237288127
68,-0.00048042277203952377,0.020735245160983462,0.005059644384424855
69,-0.007149723624128801,-0.015282113404463504,-0.024463215600562527
70,-0.06396369137670188,-0.004920747575112294,-0.02611426367693248
71,0.010473235065942665,0.002187247396700176,0.008919311346193837
72,0.009341010876519285,-0.008065663993927163,0.019540595095693947
73,-0.032074036511156256,0.005931027885397233,-0.015664671536860908
74,0.00798952193844138,0.00846369644810041,0.0015550796163514846
75,-0.004028066528066421,0.0014616436418501966,-0.004695184878715453
76,0.022961513372472098,0.005602636534839833,0.025912640585883606
77,-0.006121668154571935,-0.009972376983941156,-0.00761204086464029
78,-0.005902733222122536,-0.006053154260853066,-0.008193412239655085
79,-0.01206918807280244,0.004044152631078157,-0.003533863104433932
80,-0.020056183445482434,-0.009619485381225479,-0.03013507867984966
81,0.01526666666666654,0.007224880382775023,0.011965271994562876
82,0.009915293190623231,0.0006175478599590445,0.012429175455689112
83,-0.0031859557867360833,-0.0035131029244207523,0.004045481300159803
84,-0.01669819320331356,-0.006431634111481621,0.0015074535201831107
85,-0.018706467661691484,-0.007432270438743727,-0.007330806109934085
86,0.0022307848306630795,-0.0036714975845409947,0.0021714916837483056
87,-0.04094158910022927,-0.028219550038789842,-0.05104089809565626
88,0.11062662634503129,0.021654525496457522,0.029319134696769833
89,-0.0011398176291791406,-0.005127954678648128,-0.009791079026629013
90,-0.009572714593635179,-0.008197928427666867,0.001419453269087878
91,-0.0005120655443895394,-0.0047515343496336016,0.006556871215335436
92,0.0065321805955811385,-0.012184205291426387,-0.004234203165114803
93,-0.0657886365082393,-0.04349796103307646,-0.060839281934850775
94,0.026561329428590685,0.023843360176851514,0.003400872754092177
95,0.04046971405824995,0.013417643429981307,0.030493905302488855
96,0.025887904099980652,0.02171156089889914,0.013473217027768714
97,0.032195910249238624,0.007844694900948301,0.005571793042101314
98,-0.012825916782079783,-0.00374402679934982,-0.01184007154591682
99,0.009393680614859123,0.023883696780893082,0.02515420105653532
100,0.03305535412134386,0.09393412537428758,0.019000095960080676
101,-0.010821877742029806,0.00569511279855206,0.0016762407006309932
102,-0.002779420461265558,-0.005706760316066761,-0.011215779181708796
103,0.005752238628951023,-0.016953642384106016,-0.011599714761112434
104,-0.006544811320754684,0.009880535345369701,-0.00285700543504408
105,0.03697548815953455,0.03708974473005422,0.031015454668235964
106,0.011275183150183166,-0.029373927958833645,-0.016758208340740932
107,0.04601279076348397,0.025314777998674654,0.05292057631183278
108,-0.033762579807380066,-0.0034470872113064877,-0.01084569290420545
109,0.0054317392765146355,-0.001210653753026647,-0.005601089151430538
110,0.007741576162628716,-0.0028571428571428914,-0.0019020490673526957
111,-0.03702884934232331,-0.03182252322653478,-0.0385001334892241
112,0.0021808999081727176,-0.015963409712568932,0.00403098400053592
113,-0.013343259649524764,0.002779676463886993,-0.023592912589879944
114,0.02606071159092238,-0.006770880668908519,0.013409774582958889
115,0.0011313497001923523,0.003385643043418707,-0.011420475901350091
116,0.0501751610351453,0.042998495280653026,-0.005615348619560145
117,0.0412676207898417,0.009967648858966616,0.0406764705882352
118,-0.010954373998863232,-0.004674919920353293,0.0030334718179163556
119,-0.024084426101039558,0.014655997216665329,-0.01977064177099863
120,0.029068522483939985,0.0035574986070034953,-0.007291646704865706
121,0.010092077199188365,0.0014521226616555083,0.0024902273056321977
122,0.05304629963434104,0.013903104742408745,0.02649644242896887
123,0.01966058590502273,0.004038024732901491,0.015241757726398797
124,0.007002733944073913,0.006996229576874846,0.010153362897265428
125,-0.02943557989997614,-0.015226525772766952,-0.03437016983875851
126,-0.010698336359621141,-0.009547547632123732,-0.01488904253606238
127,0.029217719132893505,-0.018298144593730026,0.01701775807862793
128,0.0710429920956237,-0.0024330900243308973,0.011542933852655146
129,-0.015120151201512,-0.004224738675958184,0.0063271028037383825
130,-0.025404368089189444,-0.0031054542273543095,-0.03766821141005039
131,-0.004969526488513787,-0.02413127413127414,-0.015566342729755545
132,0.01912928759894461,-0.019018073914216282,0.050378401693984776
133,0.016181229773462702,0.03762775562583065,0.022492463624739667
134,-0.021428571428571463,-0.011660777385159027,-0.04094672179778558
135,0.03552001487749301,0.022300679299249282,0.05042304727279645
136,-0.009338661159251083,0.0013551912568305902,-0.002292310340765935
137,-0.006072966236120525,0.002663057714135997,-0.004268226234153127
138,-0.015001595914458932,-0.00474593982670779,-0.0077431005235029104
139,0.023932969169521368,-0.0003937352349286938,0.025478643712602445
140,0.004340160043401653,-0.003545012910849521,0.005010352338014945
141,-0.02156200765248706,-0.013923049894588924,-0.02589005422374424
142,0.021853146853146876,0.01086811277894073,0.016324101625085685
143,-0.03448741614515338,-0.022604097818902824,-0.027709714615162917
144,0.00890650501282364,-0.0034712830222701774,0.0017603676388837641
145,0.04857644666296901,0.014114453743496735,0.05327315439965963
146,-0.013664212985410096,-0.0010706160503188844,0.008912734233680553
147,0.002323814631094434,-0.022819631134729623,0.007293488950973481
148,0.01649650006687775,0.058769765103738214,0.009366224564738568
149,0.01789552173340936,0.006560773480662974,0.029755433619531146
150,-0.012022234670573506,0.013507718696397886,-0.0023608628787564756
151,-0.008810188415910747,-0.007192722657076267,-0.003999633366941313
152,-0.0066883745489746405,0.0009801832516513898,-0.0015393496247834149
153,-0.003499601311243161,-0.0037465940054495217,0.0009803346544110525
154,-0.020137808401867074,-0.0008119658119658535,-0.011844572423491684
155,0.008030124308139097,-0.0037637397887173574,0.0035239603893300053
156,-0.006300913632476757,0.0017601854634439196,-0.00952179968767164
157,-0.014176366683273711,0.00608554041313103,-0.006204351568558919
158,0.010888541762381632,-0.003578122337706602,0.017820236859933614
159,-0.0075444257601235964,-0.00029924760601907074,-0.013295474651815242
160,-0.0005953198699454321,0.0021381227282446513,-0.008428045666857287
161,-0.0016495601173021068,-0.010027736291871148,-0.004452214050739811
162,0.027354507068110934,0.014568965517241406,0.014255438778599583
163,0.011481415296640485,0.02502336647123804,0.002387998601315111
164,-0.023585530674440136,0.004849338914908463,-0.010643819182697634
165,0.01257520242457133,0.007300775449595731,0.012504084897060563
166,-0.024659370113915502,-0.0042176815036238935,-0.010803832302778926
167,0.013603261118490417,-0.007072950078131468,0.00016314054128296895
168,0.008133755083596927,-0.019796239542781424,0.005674647802683674
169,0.016898251904975403,-0.004520872063545678,0.012838899132691317
170,0.00656763785427783,-0.003947200882814861,0.00886656327961699
171,-0.003196706953932482,-0.006604738367138263,0.01770258980785311
172,-0.01142204454597373,-0.009865740144983426,0.017181227887275163
173,-0.00910989645825011,-0.002772603214486913,0.008215507779714581
174,-0.014709839447484052,0.00030409661583896685,-0.014528135756023297
175,-0.008010923987255336,-0.0009988708416571734,0.008666693741623543
176,-0.008167385518950132,0.005434073816458662,-0.017047559227585163
177,-0.0030995558845299254,-0.007653061224489832,-0.01250972842338094
178,-0.0020418580908626582,-0.0013071325868153627,0.0016177471004992228
179,-4.650081376433857e-05,-0.0029230836350945255,-0.004729444311000308
180,0.001953125,-0.005206965957819221,0.005118090577720169
181,0.009839413348185388,-0.007345502529140013,-0.005638490772249649
182,-0.019579005423292717,-0.011033321517192496,0.004604649613642486
183,-0.01443840240014993,-0.006810340965097028,0.006539631493008624
184,-0.0023306697108067542,0.0014886994180538515,0.022826462886410992
185,-0.004195470798569745,-0.01099099099099099,-0.00570807503421622
186,-0.006415473739646682,0.0034159227546000093,0.0021052461113675314
187,0.006505083602370787,-0.009395851300440294,0.009284023238338435
188,-0.007803523554193781,0.02905058651026393,-0.002794011688415643
189,-0.00067551266586241,-0.0032059845044082325,-0.002721558112089517
190,0.009463570083530382,-0.005092468507102765,-0.014047431211862693
191,-0.005165733964700769,-0.0030980603448276245,-0.000865468618597709
192,-0.0028847540747152234,-0.004098545241634,0.001993936471876623
193,-0.0284005979073243,-0.018044500723589096,-0.005007543938343684
194,-0.055632754342431756,0.007276746649472754,-0.0022540798845911425
195,-0.001996952020600129,0.0018289058570710726,0.0020373626012519797
196,0.005634247801590275,0.002464515540139711,0.015380326954924861
197,0.016912765734631963,0.009424083769633551,0.024085587404117925
198,0.003140929921219282,-0.004600396896987213,-0.0036504695150314515
199,-0.009341956677959118,-0.009605799728137687,-0.012360528606473187
200,-0.0072020725388600715,0.0011894958367644204,-0.034116402794692635
201,-0.0008872188299150485,-0.000685432279290854,-0.017080049771878825
202,0.002298370246552439,-0.005258585211943889,0.0017300892050873262
203,-0.007713154054617366,-0.011813919279212937,0.0075149962930511904
204,0.0055147058823528106,0.00013955435642176717,0.002441716560189766
205,-0.0028205797858448234,-0.0006976744186046879,-0.01246246246246252
206,0.00219998952385958,0.007865952990458558,0.004189684591083376
207,-0.0015679715674489225,-0.01163757273482946,-0.004491849060412778
208,-0.01648955661414442,-0.014344453789365552,-0.02499408524013924
209,0.013146689376197562,0.003555344868452215,-0.0009186237975562506
210,0.0012083004990808277,-0.0035899858290032727,0.0010495819020852615
211,-0.01369503620526824,-0.006257703612401633,-0.012027208526493527
212,-0.013672394531042187,-0.002289857837992626,-0.013945288860433225
213,-0.007982740021575063,-0.009658601893468455,-0.019016784224429983
214,0.01772509786863874,0.004200463499420604,0.022277833691483284
215,-0.011058873811304548,0.004759844223279908,-0.010474872722757267
216,0.0021068553832854775,-0.0012919896640826156,-0.0012817639940841952
217,-0.007223719676549889,0.006324565186143438,-0.00919028558094448
218,0.0014661164205038713,0.00028567347521790687,0.013116179640935588
219,-0.012253971696578714,0.007901375600932958,0.00567744934999892
220,0.015095789647032953,-0.0030696576151122423,0.027266827286386297
221,0.0029201817001947017,-0.005400284225485441,0.001886661820196034
222,0.005607678205542976,-0.009430367689083674,0.010521223848107164
223,-0.004343163538873984,-0.002163669583613803,-0.0015215756000820368
224,0.016425224837094188,-0.006360526188984639,0.0046230501857782436
225,0.0005298293949347332,0.005382862130837385,-0.01806623148637365
226,0.01037915695827163,-0.01061161489484852,-0.00012150035582259022
227,-0.0005241090146751448,-0.0049239469578782336,-0.015041835919869406
228,0.00828526481384384,0.0037724756258878944,0.003991928021924718
229,-0.005460786353234881,-0.0018547442405310033,-0.00818909524979805
230,0.0024577733619202125,-0.0036185819070905234,-0.008070867883786637
231,0.009181011997913435,-0.0058402041617588996,0.002667570726310853
232,0.0026878941383230437,-0.024238534827467073,0.011585072873845581
233,-0.003453964326219139,0.0009106546595163412,0.002445288860741579
234,-0.007656096425430636,0.0039425798625152275,-0.00032465823140248595
235,-0.008288588854715173,-0.007501762158896419,-0.017370467571908743
236,-0.017714465937762824,0.0056308020088267074,-0.03082626172398395
237,0.003371327660940837,0.007062146892655274,-0.01584346399505987
238,0.0021333333333333204,-0.014526147064716333,-0.007005057126802772
239,0.0036189462480042955,0.008234217749313766,0.014467330617172314
240,-0.002280199384876447,0.002671909659205385,0.0033281892047671846
241,0.001116130746744659,-0.003770928654029837,0.00041696008302150034
242,-0.006370779358674916,0.00418895730291724,-0.009224870101603222
243,0.0025112203462278604,0.0032668241443434276,0.009207930973236245
244,-0.007035122315194764,-0.003306281935677724,-0.012245502880749992
245,0.0036498309269497042,0.003216726980297402,0.011468922315165608
246,0.006363976683245065,-0.004458917835671317,0.0029482936055407194
247,-0.009246466149431476,-0.016254843742136926,-0.0023480037346200744
248,0.00917185153400557,0.002046245140167713,0.01943051990771205
249,0.0023385596598457514,-0.0006126199714110436,-0.0017633157607708227
